{
	"ITsupport": {
		"mean": 7500,
		"median": 3000,
		"estimate": {
			"intercept": 6.81084301915415,
			"regionalSwitzerland": 0.00999993256329952,
			"bespokeStandard": 0.059837711589051,
			"bespokeHighEnd": 0.165980984506754,
			"employeesCount": 0.112039297123712,
			"processLeadingPersonnel": -0.00132700593650161,
			"partnersCount": 0.11759305686746,
			"locationNumber": 0.33042232035321,
			"revenuePerYear": -0.000000270587566127234,
			"operatingCostsPerYear": 0.00000034895825954538
		},
		"range": [100, 65000],
		"matrix": [
			[
				0.433328410471047, 0.318320177201186, -0.113192875988776, -0.100473079193991, 0.00976866670645247, -0.000316132041989536, -0.0205287373506748, -0.289547312727278,
				-0.00000000907052981320631, -0.000000025771740091855
			],
			[
				0.318320177201186, 0.477739438778211, -0.0102470934340546, 0.0067142086383518, 0.00758588176420154, 0.0000372174281961548, -0.0113029716091963, -0.31898936525223,
				0.000000000654495436599116, -0.0000000379997423898232
			],
			[
				-0.113192875988776, -0.0102470934340546, 0.115637320691274, 0.100301856779644, -0.00122213091948555, 0.0000233889364698979, 0.00168378176995874, 0.012163606662657,
				0.00000000214765767413562, -0.000000000688178188135352
			],
			[
				-0.100473079193991, 0.0067142086383518, 0.100301856779644, 0.144598585306332, 0.000248711365899321, -0.00000441545484044566, -0.00111239111560672, 0.00190040903794856,
				0.00000000674862573745835, -0.0000000153766855997767
			],
			[
				0.00976866670645247, 0.00758588176420154, -0.00122213091948555, 0.000248711365899321, 0.00197638999891988, 0.0000125918146337366, -0.00186593584188788, -0.0104212947671301,
				-0.0000000045140516032501, -0.00000000314446605606433
			],
			[
				-0.000316132041989536, 0.0000372174281961548, 0.0000233889364698979, -0.00000441545484044566, 0.0000125918146337366, 0.00000609532517188025, -0.0000226023705537229,
				-0.0000471065346910801, 0.0000000000492213444997054, -0.000000000108953688690954
			],
			[
				-0.0205287373506748, -0.0113029716091963, 0.00168378176995874, -0.00111239111560672, -0.00186593584188788, -0.0000226023705537229, 0.00978106344531486, 0.0115115570585652,
				-0.0000000059897265986311, 0.00000000911190105020837
			],
			[
				-0.289547312727278, -0.31898936525223, 0.012163606662657, 0.00190040903794856, -0.0104212947671301, -0.0000471065346910801, 0.0115115570585652, 0.282951677144795,
				0.0000000111873520970776, 0.0000000330280390119364
			],
			[
				-0.00000000907052981320631, 0.000000000654495436599116, 0.00000000214765767413562, 0.00000000674862573745835, -0.0000000045140516032501, 0.0000000000492213444997054,
				-0.0000000059897265986311, 0.0000000111873520970776, 0.000000000000091492293946947, -0.0000000000000968218062516546
			],
			[
				-0.000000025771740091855, -0.0000000379997423898232, -0.000000000688178188135352, -0.0000000153766855997767, -0.00000000314446605606433, -0.000000000108953688690954,
				0.00000000911190105020837, 0.0000000330280390119364, -0.0000000000000968218062516546, 0.000000000000158551680924834
			]
		],
		"tValue": 1.975693928
	},
	"SoftwareKosten": {
		"mean": 3400,
		"median": 1000,
		"estimate": {
			"intercept": 6.81317777742646,
			"regionalSwitzerland": 1.57885711292875,
			"bespokeStandard": -0.133233914213497,
			"bespokeHighEnd": 0.227525251628071,
			"employeesCount": 0.134536329114408,
			"processLeadingPersonnel": -0.00226046260875876,
			"partnersCount": 0.173067294792476,
			"locationNumber": -0.496923693613483,
			"revenuePerYear": -0.000000689938324406954,
			"operatingCostsPerYear": 0.000000856158986467651
		},
		"range": [100, 48500],
		"matrix": [
			[
				0.579248392480927, 0.478421210665492, -0.0883444558140374, -0.0796356195528617, 0.0224047109788159, -0.000121476880813887, -0.0439495233879942, -0.461915410934296,
				-0.0000000334334473592122, -0.0000000324165148786449
			],
			[
				0.478421210665492, 0.620692017363893, -0.0016903463305675, 0.0118576154307561, 0.0196024397321147, 0.0000173737341696957, -0.0325768194618869, -0.475838164753704,
				-0.0000000437724271773578, -0.0000000137301360814026
			],
			[
				-0.0883444558140374, -0.0016903463305675, 0.0967640793370259, 0.0824785578431606, -0.00192762057913421, -0.0000598144812927551, 0.00471295938844344, 0.00694382255374015,
				0.00000000112312546850343, 0.00000000129893470815123
			],
			[
				-0.0796356195528617, 0.0118576154307561, 0.0824785578431606, 0.122782217368608, -0.000574695632757622, -0.0000512202759468328, 0.0013878251241285, 0.000233507185625111,
				0.00000000146010111231601, -0.00000000583372549515128
			],
			[
				0.0224047109788159, 0.0196024397321147, -0.00192762057913421, -0.000574695632757622, 0.00271278481438486, 0.0000180598752607528, -0.00343730484439491, -0.0216360064966449,
				-0.00000000744772896934623, -0.000000000849916050444793
			],
			[
				-0.000121476880813887, 0.0000173737341696957, -0.0000598144812927551, -0.0000512202759468328, 0.0000180598752607528, 0.00000531902671404083, -0.0000299577499273698,
				-0.00010752659993237, 0.00000000000736252458688131, -0.0000000000797371182879802
			],
			[
				-0.0439495233879942, -0.0325768194618869, 0.00471295938844344, 0.0013878251241285, -0.00343730484439491, -0.0000299577499273698, 0.0124033162875893, 0.0319771489811399,
				-0.000000000594911508642508, 0.00000000639544373149162
			],
			[
				-0.461915410934296, -0.475838164753704, 0.00694382255374015, 0.000233507185625111, -0.0216360064966449, -0.00010752659993237, 0.0319771489811399, 0.453395410560596,
				0.000000039239790256862, 0.0000000317042922933857
			],
			[
				-0.0000000334334473592122, -0.0000000437724271773578, 0.00000000112312546850343, 0.00000000146010111231601, -0.00000000744772896934623, 0.00000000000736252458688131,
				-0.000000000594911508642508, 0.000000039239790256862, 0.0000000000000916810026893451, -0.0000000000000903747691727215
			],
			[
				-0.0000000324165148786449, -0.0000000137301360814026, 0.00000000129893470815123, -0.00000000583372549515128, -0.000000000849916050444793, -0.0000000000797371182879802,
				0.00000000639544373149162, 0.0000000317042922933857, -0.0000000000000903747691727215, 0.000000000000141488467308202
			]
		],
		"tValue": 1.97782575808711
	},
	"Kanzleisoftware": {
		"mean": 3600,
		"median": 2000,
		"estimate": {
			"intercept": 6.04621547595987,
			"regionalSwitzerland": 0.203822481271314,
			"bespokeStandard": 0.591765523187708,
			"bespokeHighEnd": 0.249959153576722,
			"employeesCount": 0.0252042564051874,
			"processLeadingPersonnel": -0.00140955868021166,
			"partnersCount": 0.204020258218925,
			"locationNumber": 0.261307720933442,
			"revenuePerYear": -0.000000209416345863038,
			"operatingCostsPerYear": 0.00000057893519570022
		},
		"range": [100, 23200],
		"matrix": [
			[
				0.383718843516468, 0.247732934253711, -0.108012858673478, -0.0931138815745297, 0.0112199872520563, -0.000194281686096702, -0.0265837788858856, -0.246040095278496,
				-0.00000000782778641207204, -0.0000000277475431114052
			],
			[
				0.247732934253711, 0.343340610647145, -0.0127064577345796, -0.00416995364033721, 0.00727289446072252, -0.0000247202415175922, -0.0119618688295371, -0.236328629858527,
				-0.000000017845564218377, -0.0000000058413178014697
			],
			[
				-0.108012858673478, -0.0127064577345796, 0.102067066427207, 0.0872977368267433, -0.00215817709952471, -0.0000461689202392124, 0.00488553304485905, 0.0203232076680976,
				-0.0000000000341828402715521, 0.000000004458656979589
			],
			[
				-0.0931138815745297, -0.00416995364033721, 0.0872977368267433, 0.118291146060765, -0.00105341662869099, -0.000107909708018293, 0.00161256432215861, 0.0122601055482348,
				0.00000000430978219289625, -0.00000000599239503324175
			],
			[
				0.0112199872520563, 0.00727289446072252, -0.00215817709952471, -0.00105341662869099, 0.00164551205182403, 0.0000107893339775894, -0.00180885201201468, -0.0101350893142494,
				-0.00000000401386945751614, -0.00000000194892957392521
			],
			[
				-0.000194281686096702, -0.0000247202415175922, -0.0000461689202392124, -0.000107909708018293, 0.0000107893339775894, 0.00000529012501019364, -0.0000168838438013456,
				-0.0000381020350312578, 0.0000000000184825170175111, -0.000000000068212598440996
			],
			[
				-0.0265837788858856, -0.0119618688295371, 0.00488553304485905, 0.00161256432215861, -0.00180885201201468, -0.0000168838438013456, 0.00840233877375587, 0.0150614970627895,
				-0.00000000495530570946036, 0.00000000900753855442693
			],
			[
				-0.246040095278496, -0.236328629858527, 0.0203232076680976, 0.0122601055482348, -0.0101350893142494, -0.0000381020350312578, 0.0150614970627895, 0.223693556790867,
				0.0000000160389711539162, 0.0000000200555979176854
			],
			[
				-0.00000000782778641207204, -0.000000017845564218377, -0.0000000000341828402715521, 0.00000000430978219289625, -0.00000000401386945751614, 0.0000000000184825170175111,
				-0.00000000495530570946036, 0.0000000160389711539162, 0.0000000000000676395453350259, -0.0000000000000683467229298179
			],
			[
				-0.0000000277475431114052, -0.0000000058413178014697, 0.000000004458656979589, -0.00000000599239503324175, -0.00000000194892957392521, -0.000000000068212598440996,
				0.00000000900753855442693, 0.0000000200555979176854, -0.0000000000000683467229298179, 0.000000000000108451644187745
			]
		],
		"tValue": 1.9815667570749
	},
	"Datensicherheit": {
		"mean": 2200,
		"median": 600,
		"estimate": {
			"intercept": 5.68823351172372,
			"regionalSwitzerland": 0.448147157799117,
			"bespokeStandard": 0.0697985238986946,
			"bespokeHighEnd": -0.363471254286603,
			"employeesCount": -0.00909375438749677,
			"processLeadingPersonnel": 0.0000946286012539785,
			"partnersCount": -0.0216856362189779,
			"locationNumber": 0.0799003331271271,
			"revenuePerYear": 0.00000115157913721199,
			"operatingCostsPerYear": 0.000000271108111347964
		},
		"range": [100, 24100],
		"matrix": [
			[
				0.545312510237913, 0.379467154024974, -0.130332143458227, -0.120237254869161, 0.0231475145600921, -0.000183559483132056, -0.0508473251453574, -0.380326660217452,
				0.00000000705733144672761, -0.0000000796859062696664
			],
			[
				0.379467154024974, 0.530835683017569, 0.00985401629265948, 0.0174992693776842, 0.0214375057811643, 0.000279461778094489, -0.031804439704571, -0.407260775382067,
				-0.0000000170388580613122, -0.0000000741034205607354
			],
			[
				-0.130332143458227, 0.00985401629265948, 0.138767433735791, 0.122115032838376, -0.00125137728209377, 0.0000329847181657021, 0.00757742217964612, 0.00400847321646805,
				-0.0000000184266161403365, 0.0000000118035062564521
			],
			[
				-0.120237254869161, 0.0174992693776842, 0.122115032838376, 0.164307558677927, -0.000479937108651512, -0.0000329225963558001, 0.00633824978464018, -0.00204012435987629,
				-0.0000000103762640163351, -0.00000000644192105597439
			],
			[
				0.0231475145600921, 0.0214375057811643, -0.00125137728209377, -0.000479937108651512, 0.00315282792243296, 0.0000239264948068244, -0.00305594123883946, -0.0232513781549838,
				-0.00000000914360741002993, -0.00000000464528730079311
			],
			[
				-0.000183559483132056, 0.000279461778094489, 0.0000329847181657021, -0.0000329225963558001, 0.0000239264948068244, 0.0000067023994518532, -0.0000168838438013456,
				-0.0000381020350312578, 0.0000000000574870175847315, -0.000000000161506075431892
			],
			[
				-0.0508473251453574, -0.031804439704571, 0.00757742217964612, 0.00633824978464018, -0.00305594123883946, -0.0000290339172681853, 0.0176485169818342, 0.0349077512409766,
				-0.0000000275694971429202, 0.0000000260450009986534
			],
			[
				-0.380326660217452, -0.407260775382067, 0.00400847321646805, -0.00204012435987629, -0.0232513781549838, -0.00024366430033174, 0.0349077512409766, 0.384294586267524,
				0.00000000887921579135928, 0.0000000815675735742741
			],
			[
				0.00000000705733144672761, -0.0000000170388580613122, -0.0000000184266161403365, -0.0000000103762640163351, -0.00000000914360741002993, 0.0000000000574870175847315,
				-0.0000000275694971429202, 0.00000000887921579135928, 0.000000000000260174761800073, -0.000000000000215997347058107
			],
			[
				-0.0000000796859062696664, -0.0000000741034205607354, 0.0000000118035062564521, -0.00000000644192105597439, -0.00000000464528730079311, -0.000000000161506075431892,
				0.0000000260450009986534, 0.0000000815675735742741, -0.000000000000215997347058107, 0.000000000000290455728874002
			]
		],
		"tValue": 1.98697869950628
	},
	"SocialMedia": {
		"mean": 2500,
		"median": 700,
		"estimate": {
			"intercept": 6.59404752284719,
			"regionalSwitzerland": 0.324911524241785,
			"bespokeStandard": 0.102038650595285,
			"bespokeHighEnd": -0.0885875573603502,
			"employeesCount": 0.0954356837631078,
			"processLeadingPersonnel": -0.000724905246041996,
			"partnersCount": 0.114400998576531,
			"locationNumber": -0.449398749212454,
			"revenuePerYear": -0.000000456673635641931,
			"operatingCostsPerYear": 0.000000515947807195629
		},
		"range": [100, 30900],
		"matrix": [
			[
				0.831073693229824, 0.666198088724149, -0.127054959747156, -0.121516921067727, 0.035023189301165, -0.000280746152977117, -0.0588300408862747, -0.6575754824247,
				-0.0000000241474029334556, -0.00000013437530582179
			],
			[
				0.666198088724149, 0.845749597851506, 0.00698225170166589, 0.0215496007902634, 0.0305217669727275, 0.00010226888431966, -0.0490558798601146, -0.672094386808812,
				-0.0000000149587604651693, -0.000000129584314569422
			],
			[
				-0.127054959747156, 0.00698225170166589, 0.153151563154285, 0.134310972248371, -0.00240051276248532, -0.0000188549976795908, -0.000921360648617416, 0.00161431325329333,
				0.0000000141586078511474, -0.0000000109298385659882
			],
			[
				-0.121516921067727, 0.0215496007902634, 0.134310972248371, 0.195806732112674, -0.00135547879207298, -0.0000472817162417508, -0.00584977740114661, -0.000239543184620419,
				0.0000000137780448585463, -0.0000000122123648203409
			],
			[
				0.035023189301165, 0.0305217669727275, -0.00240051276248532, -0.00135547879207298, 0.00398090685121254, 0.0000139957931249963, -0.00489956643126251, -0.0330553583425896,
				-0.00000000778961105357243, -0.00000000899858828534177
			],
			[
				-0.000280746152977117, 0.00010226888431966, -0.0000188549976795908, -0.0000472817162417508, 0.0000139957931249963, 0.00000812190626678528, -0.0000403855197737248,
				-0.00010940712577234, 0.0000000000303367576495572, -0.0000000000616542766193851
			],
			[
				-0.0588300408862747, -0.0490558798601146, -0.000921360648617416, -0.00584977740114661, -0.00489956643126251, -0.0000403855197737248, 0.0173902161909023, 0.0484587561565574,
				-0.00000000854259868847841, 0.0000000243383266628968
			],
			[
				-0.6575754824247, -0.672094386808812, 0.00161431325329333, -0.000239543184620419, -0.0330553583425896, -0.00010940712577234, 0.0484587561565574, 0.643527159811423,
				0.0000000262455877760791, 0.000000127806895817291
			],
			[
				-0.0000000241474029334556, -0.0000000149587604651693, 0.0000000141586078511474, 0.0000000137780448585463, -0.00000000778961105357243, 0.0000000000303367576495572,
				-0.00000000854259868847841, 0.0000000262455877760791, 0.000000000000119504397867434, -0.000000000000124356262515134
			],
			[
				-0.00000013437530582179, -0.000000129584314569422, -0.0000000109298385659882, -0.0000000122123648203409, -0.00000000899858828534177, -0.0000000000616542766193851,
				0.0000000243383266628968, 0.000000127806895817291, -0.000000000000124356262515134, 0.00000000000024868581799457
			]
		],
		"tValue": 1.98062600245909
	},
	"DruckerScanner": {
		"mean": 2400,
		"median": 1000,
		"estimate": {
			"intercept": 7.43077722285141,
			"regionalSwitzerland": 1.79083172663578,
			"bespokeStandard": 0.290494306439324,
			"bespokeHighEnd": 0.405927027515082,
			"employeesCount": 0.135439712095888,
			"processLeadingPersonnel": -0.00211791581886037,
			"partnersCount": 0.225560202879042,
			"locationNumber": -1.44156218892826,
			"revenuePerYear": -0.000000706279442887884,
			"operatingCostsPerYear": 0.000000469939632190252
		},
		"range": [100, 17300],
		"matrix": [
			[
				0.615804320288886, 0.506708158449413, -0.101919370316472, -0.084008776769381, 0.0237788068519645, -0.000112659783601339, -0.0477508208672953, -0.484165316589869,
				-0.0000000191703237963461, -0.0000000736191088720457
			],
			[
				0.506708158449413, 0.713959946858911, 0.00940239890753533, 0.0146354764172123, 0.020357999391297, 0.000160861273488771, -0.0313316878499325, -0.52621775306845,
				-0.0000000355935217883166, -0.0000000431746125829175
			],
			[
				-0.101919370316472, 0.00940239890753533, 0.124209845831555, 0.105763036106891, -0.00164373218925663, -0.000065238471203752, 0.00248131446810546, 0.000480113298123582,
				0.00000000335618926813747, -0.00000000192472549408517
			],
			[
				-0.084008776769381, 0.0146354764172123, 0.105763036106891, 0.154485827975417, -0.000086578921894817, -0.0000975386064618704, -0.00391911663357947, -0.00954554902077348,
				0.00000000687832664086447, -0.0000000125116634253428
			],
			[
				0.0237788068519645, 0.020357999391297, -0.00164373218925663, -0.000086578921894817, 0.00325802633372228, 0.0000249675750539066, -0.00402192825632, -0.0237691060200454,
				-0.0000000070301511429662, -0.0000000062640230546801
			],
			[
				-0.000112659783601339, 0.000160861273488771, -0.000065238471203752, -0.0000975386064618704, 0.0000249675750539066, 0.00000730004314629457, -0.0000488826130303352,
				-0.000208363109015251, -0.0000000000379574385328333, -0.0000000000169063172336362
			],
			[
				-0.0477508208672953, -0.0313316878499325, 0.00248131446810546, -0.00391911663357947, -0.00402192825632, -0.0000488826130303352, 0.0168943246236133, 0.0355691158067231,
				-0.0000000122579948722934, 0.0000000253532554301803
			],
			[
				-0.484165316589869, -0.52621775306845, 0.000480113298123582, -0.00954554902077348, -0.0237691060200454, -0.000208363109015251, 0.0355691158067231, 0.487291030251196,
				0.0000000373258874487347, 0.0000000563813803220518
			],
			[
				-0.0000000191703237963461, -0.0000000355935217883166, 0.00000000335618926813747, 0.00000000687832664086447, -0.0000000070301511429662, -0.0000000000379574385328333,
				-0.0000000122579948722934, 0.0000000373258874487347, 0.000000000000119504397867434, -0.00000000000013540969728909
			],
			[
				-0.0000000736191088720457, -0.0000000431746125829175, -0.00000000192472549408517, -0.0000000122123648203409, -0.0000000062640230546801, -0.0000000000169063172336362,
				0.0000000253532554301803, 0.0000000563813803220518, -0.00000000000013540969728909, 0.000000000000254739283014651
			]
		],
		"tValue": 1.97796126416772
	},
	"Laptops": {
		"mean": 1800,
		"median": 1000,
		"estimate": {
			"intercept": 5.84286917044785,
			"regionalSwitzerland": 0.639106124525971,
			"bespokeStandard": 0.261116836393372,
			"bespokeHighEnd": 0.447132313303679,
			"employeesCount": 0.0548500421623358,
			"processLeadingPersonnel": -0.0015023547813155,
			"partnersCount": 0.0490809756791849,
			"locationNumber": 0.0491157767109267,
			"revenuePerYear": 0.000000213475340294437,
			"operatingCostsPerYear": -0.0000000304110295400469
		},
		"range": [100, 13900],
		"matrix": [
			[
				0.361690796406801, 0.217994465908688, -0.114632383843608, -0.108026671702305, 0.0114885774969416, -0.0000505074827659278, -0.0241031298543659, -0.227395431903467,
				-0.0000000177182469819761, -0.0000000150487815905404
			],
			[
				0.217994465908688, 0.3228162622016, 0.00876609949236054, 0.0184828242572517, 0.00753392688714056, 0.000110154823377953, -0.0135907022630899, -0.234850795599309,
				-0.00000000256747025594701, -0.0000000273819858641124
			],
			[
				-0.114632383843608, 0.00876609949236054, 0.130898590501154, 0.118038424343041, -0.00201232297083834, -0.0000625704438177846, 0.000767423813985763, 0.00253105176494772,
				0.00000000436463580898753, 0.00000000211526710662497
			],
			[
				-0.108026671702305, 0.0184828242572517, 0.118038424343041, 0.152334624707484, -0.00111060677893447, -0.0000830344259750175, -0.00163618953243147, -0.00311828695172998,
				0.0000000153686115904734, -0.0000000191438225431095
			],
			[
				0.0114885774969416, 0.00753392688714056, -0.00201232297083834, -0.00111060677893447, 0.00176520117629064, 0.0000190977510753976, -0.00200176743260114, -0.0107610737203199,
				-0.00000000454689375642211, -0.00000000152147144754747
			],
			[
				-0.0000505074827659278, 0.000110154823377953, -0.0000625704438177846, -0.0000830344259750175, 0.0000190977510753976, 0.00000531707735032925, -0.000029458791844909,
				-0.000168920916546939, 0.0000000000158236004256703, -0.0000000000955592150736382
			],
			[
				-0.0241031298543659, -0.0135907022630899, 0.000767423813985763, -0.00163618953243147, -0.00200176743260114, -0.000029458791844909, 0.0105864249072594, 0.0160243878400199,
				-0.00000000434324807611191, 0.00000000592906390477546
			],
			[
				-0.227395431903467, -0.234850795599309, 0.00253105176494772, -0.00311828695172998, -0.0107610737203199, -0.000168920916546939, 0.0160243878400199, 0.228416782458664,
				0.0000000151221169783934, 0.0000000229062386663885
			],
			[
				-0.0000000177182469819761, -0.00000000256747025594701, 0.00000000436463580898753, 0.0000000153686115904734, -0.00000000454689375642211, 0.0000000000158236004256703,
				-0.00000000434324807611191, 0.0000000151221169783934, 0.0000000000000806189384846979, -0.0000000000000862231645058889
			],
			[
				-0.0000000150487815905404, -0.0000000273819858641124, 0.00000000211526710662497, -0.0000000191438225431095, -0.00000000152147144754747, -0.0000000000955592150736382,
				0.00000000592906390477546, 0.0000000229062386663885, -0.0000000000000862231645058889, 0.00000000000013844068321495
			]
		],
		"tValue": 1.98118035941466
	},
	"ServerNetzwerk": {
		"mean": 3200,
		"median": 700,
		"estimate": {
			"intercept": 4.51592951333628,
			"regionalSwitzerland": -0.895882460196391,
			"bespokeStandard": 0.456801883941224,
			"bespokeHighEnd": 0.645454695347026,
			"employeesCount": 0.0829036652590535,
			"processLeadingPersonnel": -0.000342015761002124,
			"partnersCount": 0.19961934583865,
			"locationNumber": 1.00763002984211,
			"revenuePerYear": 0.000000244778309192337,
			"operatingCostsPerYear": -0.00000041386375563044
		},
		"range": [100, 49400],
		"matrix": [
			[
				0.601656354143892, 0.394462133352603, -0.170486522928009, -0.160929815294155, 0.0245186878194846, 0.0000232230041124533, -0.0488482135575796, -0.398686465342935,
				-0.0000000207705061323119, -0.0000000705803846510533
			],
			[
				0.394462133352603, 0.651630884641118, 0.0307661708444642, 0.040705772105859, 0.018073340727106, 0.000207108857006145, -0.0284824671718346, -0.435760364295292,
				-0.0000000115061719158052, -0.0000000664325500063432
			],
			[
				-0.170486522928009, 0.0307661708444642, 0.203041795739839, 0.181846508850372, -0.00355334942971931, -0.000152086172197337, 0.00227974509464115, 0.00063720193369784,
				0.00000000831763136879536, 0.00000000180157515038164
			],
			[
				-0.160929815294155, 0.040705772105859, 0.181846508850372, 0.239797035167942, -0.0023028772294743, -0.000150230095244063, -0.00288073840266516, -0.00689418716566334,
				0.0000000293488080795733, -0.0000000348588768536802
			],
			[
				0.0245186878194846, 0.018073340727106, -0.00355334942971931, -0.0023028772294743, 0.00363665472165083, 0.0000350416638240167, -0.0044267489980404, -0.02291579441203,
				-0.00000000633845498556113, -0.00000000863897691684437
			],
			[
				0.0000232230041124533, 0.000207108857006145, -0.000152086172197337, -0.000150230095244063, 0.0000350416638240167, 0.00000914640851251204, -0.0000817444656725123,
				-0.000320365491703717, 0.0000000000634792017751017, -0.000000000195130585998783
			],
			[
				-0.0488482135575796, -0.0284824671718346, 0.00227974509464115, -0.00288073840266516, -0.0044267489980404, -0.0000817444656725123, 0.0188856453133546, 0.0347513246421393,
				-0.0000000122579948722934, 0.0000000225506841681922
			],
			[
				-0.398686465342935, -0.435760364295292, 0.00063720193369784, -0.00689418716566334, -0.02291579441203, -0.000320365491703717, 0.0347513246421393, 0.40149853530496,
				0.0000000197308896752485, 0.0000000756542302901451
			],
			[
				-0.0000000207705061323119, -0.0000000115061719158052, 0.00000000831763136879536, 0.0000000293488080795733, -0.00000000633845498556113, 0.0000000000634792017751017,
				-0.0000000122579948722934, 0.0000000197308896752485, 0.0000000000000806189384846979, -0.0000000000000862231645058889
			],
			[
				-0.0000000705803846510533, -0.0000000664325500063432, 0.00000000180157515038164, -0.0000000348588768536802, -0.00000000863897691684437, -0.000000000195130585998783,
				0.0000000225506841681922, 0.0000000756542302901451, -0.0000000000000862231645058889, 0.00000000000013844068321495
			]
		],
		"tValue": 1.98421695158642
	},
	"InternetMobile": {
		"mean": 2400,
		"median": 1200,
		"estimate": {
			"intercept": 6.20416101424152,
			"regionalSwitzerland": -0.642255299875367,
			"bespokeStandard": 0.284638497853135,
			"bespokeHighEnd": 0.281229154430479,
			"employeesCount": 0.0744059885990313,
			"processLeadingPersonnel": -0.00109829291510365,
			"partnersCount": 0.0201623587965601,
			"locationNumber": 0.547518569820433,
			"revenuePerYear": -0.000000720855674941205,
			"operatingCostsPerYear": 0.00000107270519260822
		},
		"range": [100, 17700],
		"matrix": [
			[
				0.220676366290867, 0.152428677550681, -0.0509070382425966, -0.0496820431830957, 0.00563916357256071, -0.0000857559828761346, -0.0123951716870631, -0.15586501725163,
				-0.00000000170832856690912, -0.0000000191171388035831
			],
			[
				0.152428677550681, 0.204824654003506, -0.00479743922865074, -0.00447218947076701, 0.00369624681345576, -0.00000651072458983529, -0.00581818244518483, -0.148168916896852,
				-0.00000000622897815109674, -0.00000000763001187775153
			],
			[
				-0.0509070382425966, -0.00479743922865074, 0.0539609593026734, 0.0472293143374314, -0.000937812210271005, -0.0000255250671134188, -0.000154146721373491, 0.00721399788021331,
				0.0000000030100089976702, -0.0000000000295602898218099
			],
			[
				-0.0496820431830957, -0.00447218947076701, 0.0472293143374314, 0.0666712628009105, -0.0004197311840844, -0.0000347388743063751, -0.00182927705250506, 0.00736304017083112,
				0.00000000458408952597644, -0.00000000439781962359926
			],
			[
				0.00563916357256071, 0.00369624681345576, -0.000937812210271005, -0.0004197311840844, 0.00101126566624051, 0.00000799603247604439, -0.00105997402622537, -0.0054722088503136,
				-0.0000000024837116601312, -0.00000000125798262476718
			],
			[
				-0.0000857559828761346, -0.00000651072458983529, -0.0000255250671134188, -0.0000347388743063751, 0.00000799603247604439, 0.00000282183625873379, -0.0000183992282509933,
				-0.0000355123134869976, 0.0000000000113960346515393, -0.0000000000410718805690441
			],
			[
				-0.0123951716870631, -0.00581818244518483, -0.000154146721373491, -0.00182927705250506, -0.00105997402622537, -0.0000183992282509933, 0.00667749359197606, 0.00779647826427954,
				-0.00000000550940094086559, 0.00000000699427884647995
			],
			[
				-0.15586501725163, -0.148168916896852, 0.00721399788021331, 0.00736304017083112, -0.0054722088503136, -0.0000355123134869976, 0.00779647826427954, 0.147571829265075,
				0.00000000478167600125122, 0.000000017524770596781
			],
			[
				-0.00000000170832856690912, -0.00000000622897815109674, 0.0000000030100089976702, 0.00000000458408952597644, -0.0000000024837116601312, 0.0000000000113960346515393,
				-0.00000000550940094086559, 0.00000000478167600125122, 0.0000000000000499810393140407, -0.000000000000051386618288309
			],
			[
				-0.0000000191171388035831, -0.00000000763001187775153, -0.0000000000295602898218099, -0.00000000439781962359926, -0.00000000125798262476718, -0.0000000000410718805690441,
				0.00000000699427884647995, 0.000000017524770596781, -0.000000000000051386618288309, 0.0000000000000804201708972117
			]
		],
		"tValue": 1.97471578592379
	},
	"HostedDataStorage": {
		"mean": 3300,
		"median": 600,
		"estimate": {
			"intercept": 6.62171888677376,
			"regionalSwitzerland": -0.382540313936918,
			"bespokeStandard": -0.282355267128537,
			"bespokeHighEnd": -0.513225269744127,
			"employeesCount": 0.206620670416758,
			"processLeadingPersonnel": -0.00534364325412317,
			"partnersCount": -0.0695765066618448,
			"locationNumber": 0.188821220103417,
			"revenuePerYear": -0.00000100206340771777,
			"operatingCostsPerYear": 0.00000112556700378786
		},
		"range": [100, 60000],
		"matrix": [
			[
				1.11436424909371, 0.672461495007015, -0.285756427185436, -0.257002253286048, 0.0408898462573038, -0.000119799880180835, -0.115801917600794, -0.723961009161559,
				0.0000000164821777311157, -0.0000000979557389538443
			],
			[
				0.672461495007015, 0.991772023544759, 0.0130672871257404, 0.0393375616364506, 0.0313883764751506, 0.0000779543625490481, -0.0421438061373803, -0.697908218235411,
				-0.0000000761594942496328, -0.0000000168071485299542
			],
			[
				-0.285756427185436, 0.0130672871257404, 0.303352915980102, 0.264732683649535, -0.00300347250594114, -0.000269125899226471, 0.0241881669774581, 0.0139841470982328,
				-0.0000000393341581464225, 0.0000000319565620712855
			],
			[
				-0.257002253286048, 0.0393375616364506, 0.264732683649535, 0.367869779207835, 0.00152884457453725, -0.00041543124027563, 0.0164002043537158, -0.00189535996568455,
				-0.0000000559773354753801, 0.000000025621538128079
			],
			[
				0.0408898462573038, 0.0313883764751506, -0.00300347250594114, 0.00152884457453725, 0.00654019590874224, 0.0000516641445512207, -0.0059066408924349, -0.0415915536305008,
				-0.0000000309801415194869, 0.0000000152858365151119
			],
			[
				-0.000119799880180835, 0.0000779543625490481, -0.000269125899226471, -0.00041543124027563, 0.0000516641445512207, 0.0000151842336417812, -0.0000921976222517026,
				-0.000321436203100171, -0.0000000000655841147334797, -0.00000000014963323568718
			],
			[
				-0.115801917600794, -0.0421438061373803, 0.0241881669774581, 0.0164002043537158, -0.0059066408924349, -0.0000921976222517026, 0.0327774678576379, 0.0665747492318943,
				-0.0000000373303576627638, 0.0000000404443672391066
			],
			[
				-0.723961009161559, -0.697908218235411, 0.0139841470982328, -0.00189535996568455, -0.0415915536305008, -0.000321436203100171, 0.0665747492318943, 0.690923565550219,
				0.0000000883782874712935, 0.0000000188981332725192
			],
			[
				0.0000000164821777311157, -0.0000000761594942496328, -0.0000000393341581464225, -0.0000000559773354753801, -0.0000000309801415194869, -0.0000000000655841147334797,
				-0.0000000373303576627638, 0.0000000883782874712935, 0.000000000000408759625097733, -0.000000000000345168852685153
			],
			[
				-0.0000000979557389538443, -0.0000000168071485299542, 0.0000000319565620712855, 0.000000025621538128079, 0.0000000152858365151119, -0.00000000014963323568718,
				0.0000000404443672391066, 0.0000000188981332725192, -0.000000000000345168852685153, 0.000000000000379025408513814
			]
		],
		"tValue": 2.00029782201426
	},
	"EinmaligerHardwareKauf": {
		"mean": 9300,
		"median": 4000,
		"estimate": {
			"intercept": 6.73504773249984,
			"regionalSwitzerland": -0.371759031759443,
			"bespokeStandard": 0.0294217773975276,
			"bespokeHighEnd": 0.455740891202169,
			"employeesCount": 0.0390213729214474,
			"processLeadingPersonnel": -0.00084524487224113,
			"partnersCount": 0.240499987693806,
			"locationNumber": 0.863664624946772,
			"revenuePerYear": -0.000000513644372347897,
			"operatingCostsPerYear": 0.000000829141956949902
		},
		"range": [200, 77900],
		"matrix": [
			[
				0.527886269481892, 0.406923325404743, -0.108966503235966, -0.0879029793046744, 0.0214013104025255, -0.000117165707781935, -0.0439415844071346, -0.38965770979252,
				-0.0000000479631675025439, -0.00000000237929004664552
			],
			[
				0.406923325404743, 0.536482523107721, -0.00795169957137943, 0.0102656675693593, 0.0173284804200867, 0.0000779543625490481, -0.0298046149067062, -0.403144570142645,
				-0.0000000480260193864669, 0.0000000045033720107986
			],
			[
				-0.108966503235966, -0.00795169957137943, 0.117552901891732, 0.100791043382618, -0.0016563756556331, -0.0000195585825129941, 0.00411651577728724, 0.0073545437249242,
				0.000000000755692992092297, 0.00000000109297818433244
			],
			[
				-0.0879029793046744, 0.0102656675693593, 0.100791043382618, 0.140780371508052, 0.000423641828668243, -0.00000885899646407651, -0.00124694344892521, -0.00967380979771084,
				0.0000000032513998466484, -0.0000000118162674966785
			],
			[
				0.0214013104025255, 0.0173284804200867, -0.0016563756556331, 0.000423641828668243, 0.00279136623880294, 0.0000235181421487058, -0.003719353106557, -0.0208736679457225,
				-0.00000000809594817263887, 0.0000000000919245852999546
			],
			[
				-0.000117165707781935, 0.0000779543625490481, -0.0000195585825129941, -0.00000885899646407651, 0.0000235181421487058, 0.00000562655754058513, -0.0000351353148640473,
				-0.000173970590018241, -0.00000000000177055812300287, -0.0000000000875343586721563
			],
			[
				-0.0439415844071346, -0.0298046149067062, 0.00411651577728724, -0.00124694344892521, -0.003719353106557, -0.0000351353148640473, 0.012998332477465, 0.0325269152379975,
				0.00000000131906152744197, 0.00000000433825790571331
			],
			[
				-0.38965770979252, -0.403144570142645, 0.0073545437249242, -0.00967380979771084, -0.0208736679457225, -0.000173970590018241, 0.0325269152379975, 0.383526666444086,
				0.0000000509447341592085, 0.00000000659164586136973
			],
			[
				-0.0000000479631675025439, -0.0000000480260193864669, 0.000000000755692992092297, 0.0000000032513998466484, -0.00000000809594817263887, -0.00000000000177055812300287,
				0.00000000131906152744197, 0.0000000509447341592085, 0.0000000000000949609500526884, -0.0000000000000954084390366279
			],
			[
				-0.00000000237929004664552, 0.0000000045033720107986, 0.00000000109297818433244, -0.0000000118162674966785, 0.0000000000919245852999546, -0.0000000000875343586721563,
				0.00000000433825790571331, 0.00000000659164586136973, -0.0000000000000954084390366279, 0.0000000000001481593849219
			]
		],
		"tValue": 1.98137181487631
	},
	"ExterneITBeratung": {
		"mean": 7000,
		"median": 2000,
		"estimate": {
			"intercept": 6.58420706491029,
			"regionalSwitzerland": 0.374187224604138,
			"bespokeStandard": 0.564584179649613,
			"bespokeHighEnd": 0.307233087751752,
			"employeesCount": 0.131874485528712,
			"processLeadingPersonnel": 0.0030961155027684,
			"partnersCount": 0.140514541867116,
			"locationNumber": -0.222005627488215,
			"revenuePerYear": -0.0000010298915258797,
			"operatingCostsPerYear": 0.00000135179576004526
		},
		"range": [200, 58500],
		"matrix": [
			[
				0.527886269481892, 0.406923325404743, -0.108966503235966, -0.0879029793046744, 0.0214013104025255, -0.000117165707781935, -0.0439415844071346, -0.38965770979252,
				-0.0000000479631675025439, -0.00000000237929004664552
			],
			[
				0.406923325404743, 0.536482523107721, -0.00795169957137943, 0.0102656675693593, 0.0173284804200867, 0.0000815685821306625, -0.0298046149067062, -0.403144570142645,
				-0.0000000480260193864669, 0.0000000045033720107986
			],
			[
				-0.108966503235966, -0.00795169957137943, 0.117552901891732, 0.100791043382618, -0.0016563756556331, -0.0000195585825129941, 0.00411651577728724, 0.0073545437249242,
				0.000000000755692992092297, 0.00000000109297818433244
			],
			[
				-0.0879029793046744, 0.0102656675693593, 0.100791043382618, 0.140780371508052, 0.000423641828668243, -0.00000885899646407651, -0.00124694344892521, -0.00967380979771084,
				0.0000000032513998466484, -0.0000000118162674966785
			],
			[
				0.0214013104025255, 0.0173284804200867, -0.0016563756556331, 0.000423641828668243, 0.00279136623880294, 0.0000235181421487058, -0.003719353106557, -0.0208736679457225,
				-0.00000000809594817263887, 0.0000000000919245852999546
			],
			[
				-0.000117165707781935, 0.0000815685821306625, -0.0000195585825129941, -0.00000885899646407651, 0.0000235181421487058, 0.00000562655754058513, -0.0000351353148640473,
				-0.000173970590018241, -0.000000000220946499544989, 0.0000000000573625521081968
			],
			[
				-0.0439415844071346, -0.0298046149067062, 0.00411651577728724, -0.00124694344892521, -0.003719353106557, -0.0000351353148640473, 0.0228758435650988, 0.0548575161591604,
				-0.0000000137132964742988, 0.000000016040272877891
			],
			[
				-0.38965770979252, -0.403144570142645, 0.0073545437249242, -0.00967380979771084, -0.0208736679457225, -0.000173970590018241, 0.0548575161591604, 0.528838867725325,
				0.000000069643787803961, 0.000000000150989047576634
			],
			[
				-0.0000000479631675025439, -0.0000000480260193864669, 0.000000000755692992092297, 0.0000000032513998466484, -0.00000000809594817263887, -0.000000000220946499544989,
				-0.0000000137132964742988, 0.000000069643787803961, 0.000000000000193217246112643, -0.00000000000014985799585503
			],
			[
				-0.00000000237929004664552, 0.0000000045033720107986, 0.00000000109297818433244, -0.0000000118162674966785, 0.0000000000919245852999546, 0.0000000000573625521081968,
				0.000000016040272877891, 0.000000000150989047576634, -0.00000000000014985799585503, 0.000000000000181048073586981
			]
		],
		"tValue": 1.99254349518093
	}
}
